4 6	
	 234.6608503 465.4105911 613.7155493 578.1817862 496.9525796   0
	 54.8344978 493.0022213 5317.379071 4208.490909 9918.843447 26521.83503
	 3469.591215 14136.54473 40697.07475 66801.85633   0   0
	 241.0890999 1362.475286 9537.543583 46747.60609   0   0
	4 6	
	 50.10918023 71.77691585 123.2914473 133.7467108 137.9841408   0
	 10.90432044 102.9233801 289.3330431 580.300193 753.2273379 1797.581956
	 185.8736904 365.2887194 619.2311944 547.1923353   0   0
	 47.60126928 173.8989534 530.0909829 1129.881659   0   0
	4 6	
	 5.057067633 5.056829214 5.05649066 5.058247805 4.056770086   0
	 5.012297988 6.058669329 13.05613899 10.0079236 16.05154324 18.05483055
	 14.01040649 22.05660391 31.41925526 44.10082817   0   0
	 5.058339357 8.05828476 19.05430079 34.10059834   0   0
	4 6	
	 13.62321091 20.51024914 23.19242859 23.78456974 25.05535984   0
	 5.270980835 22.69183016 46.15061092 63.51822519 87.79285431 100.3803082
	 39.49973679 69.26804543 95.15799236 96.55710793   0   0
	 16.00115967 31.41968155 66.53601933 97.69000721   0   0
	