5 6	
	 411.5420625 626.6188097 1608.952958 2013.216497 2221.706542 1756.534725
	 135.395951 211.126646 1247.867906 2489.886511 4285.965068 4838.079063
	 312.1593834 883.9167277 1202.093927 1507.368228 1344.275977 1358.433544
	 48.54731614 136.9743624 325.7439951 622.5926618 886.7174197 1837.261013
	 516.867282 925.8390922 1374.378017 1312.505958 1701.335042 1714.90289
	5 6	
	 50.55292265 120.6046593 320.8251398 368.7301191 485.5458301 452.7278237
	 39.56054392 48.62880048 248.6116192 450.2708293 566.0559013 761.8223405
	 80.78834822 178.5510038 210.6714949 254.6753803 268.6944141 275.0412508
	 11.72660884 37.59520454 85.88908485 145.5692385 200.9224204 337.3612653
	 114.3605558 213.851659 268.0077971 281.0944247 328.0960429 341.0334247
	5 6	
	 6.056544304 7.057285547 7.058187962 8.058383465 6.056807518 5.059287071
	 4.057202816 4.056006789 6.057258606 9.056283951 10.05688047 9.056334496
	 4.056543827 6.056705713 6.056880236 8.056191921 6.056522846 6.056290865
	 3.05815196 4.056884289 4.057313919 5.056643724 5.056574106 7.055791378
	 5.057008028 6.057810307 6.056747913 6.054142952 7.053976536 7.057740211
	5 6	
	 13.17742538 18.79753113 37.1119957 39.52334404 48.90266228 44.13739586
	 11.29351044 11.69612122 38.73572493 41.34842491 46.00656462 52.17749596
	 25.68826294 29.78401756 34.70767975 34.76373482 33.35927963 31.73745346
	 6.221765518 13.69003677 28.29037476 33.60714912 32.66711807 44.87244987
	 22.27046204 36.55462456 36.1731472 40.42443085 42.7113533 39.75720024
	